numbers = [
    1174,
    1068,
    1771,
    430,
    1622,
    1440,
    726,
    1867,
    145,
    1804,
    28,
    1595,
    1939,
    730,
    14,
    395,
    188,
    1550,
    1317,
    1781,
    1456,
    1792,
    1478,
    38,
    1348,
    137,
    371,
    1261,
    1665,
    1741,
    1648,
    1499,
    2046,
    265,
    1465,
    893,
    453,
    1649,
    1427,
    740,
    524,
    846,
    1553,
    1983,
    626,
    1755,
    1278,
    1986,
    547,
    605,
    608,
    735,
    1141,
    178,
    1771,
    769,
    768,
    259,
    113,
    1573,
    1579,
    348,
    1877
]
